27,5
27,4
27,3
27,2
27,1
27,0
26,5
26,4
26,3
26,2
26,1
26,0
23,4
23,3
23,2
23,1
23,0
22,4
22,3
22,2
22,1
22,0
21,6
21,5
21,4
21,3
21,2
21,1
21,0
20,3
20,2
20,1
20,0
19,4
19,3
19,2
19,1
19,0
18,3
18,2
18,1
18,0
17,4
17,3
17,2
17,1
17,0
16,5
16,4
16,3
16,2
16,1
16,0
13,5
13,4
13,3
13,2
13,1
13,0
12,4
12,3
12,2
12,1
12,0
10,5
10,4
10,3
10,2
10,1
10,0
8,6
8,5
8,4
8,3
8,2
8,1
8,0
7,4
7,3
7,2
7,1
7,0
5,3
5,2
5,1
5,0
92,4
4,3
28,3
2,9
2,8
2,7
2,5
2,2
2,1
2,0
92,3
2,6
1,3
0,441
0,440
0,432
0,408
0,322
0,243
0,0
0,1
2,3
0,9
0,310
0,305
0,308
0,304
0,303
0,302
0,307
0,12
0,431
0,10
0,8
0,412
0,300
0,411
0,299
0,410
0,298
0,409
0,297
0,407
0,296
0,406
0,295
0,433
0,294
0,405
0,293
0,404
0,292
0,403
0,291
0,430
0,290
0,402
0,289
0,401
0,288
0,400
0,287
0,399
0,286
0,398
0,285
0,397
0,284
0,396
0,283
0,429
0,282
0,428
0,281
0,395
0,280
0,394
0,279
0,393
0,278
0,392
0,277
0,439
0,276
0,438
0,275
0,391
28,0
28,1
29,0
29,1
29,3
29,4
30,1
30,3
30,4
32,1
32,2
32,4
33,1
33,2
33,4
34,0
34,2
34,3
35,0
35,2
35,3
35,5
35,6
36,1
36,3
36,4
38,1
38,2
38,4
38,5
38,7
39,1
39,2
39,4
42,0
42,2
42,4
42,5
45,1
45,2
45,4
45,5
48,1
48,3
48,4
50,0
50,1
50,3
52,0
52,1
52,3
52,4
54,1
54,3
54,4
56,1
56,2
56,4
58,0
58,2
58,4
61,0
61,2
61,3
61,5
63,1
63,2
63,4
64,0
64,2
64,3
64,5
67,1
67,2
67,4
67,5
69,1
69,3
69,4
72,0
72,1
72,3
72,4
72,6
76,0
76,1
76,3
76,4
76,6
79,1
79,2
79,4
79,5
81,1
81,3
81,4
83,0
83,1
83,3
83,4
84,0
84,2
84,3
86,1
86,2
86,4
86,6
88,0
88,2
88,3
91,0
91,1
91,3
91,6
91,7
91,9
91,10
92,1
93,0
93,1
93,3
93,4
94,1
94,2
97,0
97,2
97,3
97,5
97,4
97,1
94,3
94,0
93,2
92,2
92,0
91,8
91,5
91,2
88,4
88,1
86,5
86,3
86,0
84,1
83,5
83,2
81,5
81,2
81,0
79,3
79,0
76,5
76,2
72,7
72,5
72,2
69,5
69,2
69,0
67,3
67,0
64,4
64,1
63,3
63,0
61,4
61,1
58,3
58,1
56,3
56,0
54,2
54,0
52,2
50,4
50,2
48,5
48,2
48,0
45,3
45,0
42,3
42,1
39,3
39,0
38,6
38,3
38,0
36,2
36,0
35,4
35,1
34,4
34,1
33,3
33,0
32,3
32,0
30,2
30,0
29,2
28,2
0,274
0,390
0,273
0,389
0,272
0,387
0,271
0,386
0,270
0,269
0,385
0,268
0,384
0,267
0,383
0,266
0,382
0,265
0,381
0,264
0,380
0,263
0,427
0,262
0,379
0,261
0,378
0,260
0,377
0,259
0,426
0,258
0,376
0,257
0,375
0,256
0,374
0,255
0,373
0,254
0,425
0,253
0,437
0,252
0,372
0,251
0,371
0,250
0,370
0,249
0,369
0,248
0,368
0,247
0,367
0,246
0,366
0,245
0,424
0,244
0,423
0,242
0,364
0,241
0,363
0,240
0,365
0,239
0,362
0,238
0,361
0,237
0,360
0,236
0,359
0,235
0,358
0,234
0,357
0,233
0,422
0,232
0,356
0,231
0,355
0,230
0,354
0,229
0,436
0,228
0,353
0,227
0,352
0,226
0,351
0,225
0,350
0,224
0,349
0,223
0,348
0,222
0,347
0,221
0,435
0,220
0,434
0,219
0,346
0,218
0,345
0,217
0,344
0,216
0,343
0,215
0,421
0,214
0,420
0,213
0,342
0,212
0,341
0,211
0,340
0,210
0,339
0,209
0,419
0,208
0,418
0,207
0,338
0,206
0,337
0,205
0,336
0,204
0,417
0,203
0,335
0,202
0,334
0,201
0,333
0,200
0,332
0,199
0,331
0,198
0,416
0,197
0,415
0,196
0,329
0,195
0,328
0,194
0,330
0,193
0,327
0,192
0,326
0,63
0,325
0,62
0,324
0,61
0,323
0,60
0,321
0,59
0,414
0,58
0,320
0,57
0,319
0,56
0,318
0,55
0,413
0,54
0,317
0,53
0,316
0,52
0,315
0,51
0,314
0,50
0,313
0,49
0,312
0,48
0,311
0,47
0,309
0,46
0,306
0,45
0,301
0,6
0,5
0,11
0,4
0,2
0,3
0,7
